11 1
1 2 64 54.4
1 3 59.4 57.5
1 4 46.8 25
1 5 80 100
1 6 66 81.3
1 7 49 18.8
1 8 60.2 93.4
1 9 24 40.8
1 10 74.4 134
1 11 69.2 120
2 1 64 54.4
2 3 40.8 13.6
2 4 54.3 42.6
2 5 77.5 77.5
2 6 71 73.3
2 7 51 57.7
2 8 80 104
2 9 66.3 88.5
2 10 70.7 88.4
2 11 61.3 74.7
3 1 59.4 57.5
3 2 40.8 13.6
3 4 38.3 36.4
3 5 80.2 92.3
3 6 69.2 57.7
3 7 44.6 41.7
3 8 76.8 89.6
3 9 55.6 78.8
3 10 70.6 83.6
3 11 62.6 77.3
4 1 46.8 25
4 2 54.3 42.6
4 3 38.3 36.4
4 5 78 79.3
4 6 60.6 72.8
4 7 49.3 43.6
4 8 71 104
4 9 54.2 66
4 10 72.6 121
4 11 67.5 108
5 1 80 100
5 2 77.5 77.5
5 3 80.2 92.3
5 4 78 79.3
5 6 80.8 128
5 7 71.8 99.4
5 8 85.4 158
5 9 81.6 132
5 10 80.7 152
5 11 62.5 58.4
6 1 66 81.3
6 2 71 73.3
6 3 69.2 57.7
6 4 60.6 72.8
6 5 80.8 128
6 7 47.7 40.6
6 8 67.3 40.4
6 9 45.7 49.5
6 10 79 125
6 11 72.5 127
7 1 49 18.8
7 2 51 57.7
7 3 44.6 41.7
7 4 49.3 43.6
7 5 71.8 99.4
7 6 47.7 40.6
7 8 67.8 82.5
7 9 53 38.9
7 10 66.4 113
7 11 63.4 110
8 1 60.2 93.4
8 2 80 104
8 3 76.8 89.6
8 4 71 104
8 5 85.4 158
8 6 67.3 40.4
8 7 67.8 82.5
8 9 56 53.3
8 10 86.1 155
8 11 79.8 157
9 1 24 40.8
9 2 66.3 88.5
9 3 55.6 78.8
9 4 54.2 66
9 5 81.6 132
9 6 45.7 49.5
9 7 53 38.9
9 8 56 53.3
9 10 75.9 167
9 11 72.2 153
10 1 74.4 134
10 2 70.7 88.4
10 3 70.6 83.6
10 4 72.6 121
10 5 80.7 152
10 6 79 125
10 7 66.4 113
10 8 86.1 155
10 9 75.9 167
10 11 72.5 104
11 1 69.2 120
11 2 61.3 74.7
11 3 62.6 77.3
11 4 67.5 108
11 5 62.5 58.4
11 6 72.5 127
11 7 63.4 110
11 8 79.8 157
11 9 72.2 153
11 10 72.5 104
